1607.00217
2203.02258
2202.11214
1702.07007
1412.0722
1806.04731
0907.4240
0910.2206
1709.02798
1503.07557
2002.00469
0903.0752
1812.04951
2004.13614
physics/0302100
1203.4970
0908.4410
2306.12873
2311.07222
1805.09091
1710.07630
2212.12794
2208.05419
1709.00037
1509.04808
2003.12140
1909.00912
1806.11037
1709.08725
1102.1915
0906.0027
2304.02948
1611.00307
2003.11927
1912.10291
1704.05597
2304.09160
2004.13124
physics/0610115
2306.03838
physics/9901004
0904.3384
ao-sci/9503001
1802.04508
2105.06387
2202.07575
2211.02556
1912.01752
1004.0355
physics/0701103
1805.05444
1505.07071
1708.06072
1501.03370
2212.04474
2312.15796
1509.03474
2006.07690
1609.05878
1702.07583
2307.10128
1605.00380
1904.09084
2406.01465
physics/0603046
2006.08196
2102.05107
physics/0305079
1607.02976
1906.06140
1709.03757
1707.05163
1701.08431
2005.10374
physics/9910020
2009.04918
1304.8039
1907.11617
1103.3393
1904.03327
cond-mat/0202100
1110.4994
physics/0502134
1609.09458
2204.02028
1711.03954
1003.0368
1909.04711
1311.1190
2001.04650
1802.02548
1211.4718
1503.07677
1811.04817
2007.00239
2005.02787
1810.12587
1211.7324
2309.15214
1502.01008
2012.04384
2010.04168
2012.10108
1503.06708
1711.08067
1706.05207
1610.00548
physics/0409032
1608.03511
1604.01373
1010.2281
2001.11211
physics/0406029
1205.5295
2201.00579
1007.2113
1403.5581
2312.03876
1511.02815
2104.12506
1710.08297
1510.01334
1606.08519
1512.06542
physics/0608077
0908.0132
1710.07963
physics/0406025
1510.08550
1903.12319
2008.12257
1904.11576
1608.03841
physics/0509086
0907.1966
1209.5015
0803.2298
0711.3720
0911.5689
1912.11654
physics/0007026
2209.04327
1711.03675
2010.09947
1907.04816
1507.01571
physics/0003010
1201.1593
2012.01725
1711.08552
2112.08440
2306.06079
2003.06549
2308.11498
2205.15636
physics/0306043
1112.5068
2001.08055
2107.07274
1606.07128
1707.03789
1707.04870
1601.08092
1601.05334
1408.4976
0903.1938
2006.02917
1302.0178
physics/0611140
1910.10566
1202.6403
1904.07979
0906.0701
2401.08674
2003.02978
1708.04420
1403.4908
1312.6035
1410.8369
physics/0610106
1710.02558
1506.01656
1010.2605
2404.10024
1706.10108
2012.13849
1510.05105
1407.1021
2201.00356
2202.03407
2103.02526
1506.08678
physics/0407066
2101.09361
2006.07718
1901.10111
1810.08145
0707.2750
2310.02074
1712.09016
2004.09585
1410.3116
1106.1227
2307.09432
2204.14245
2106.10457
1810.07868
1005.3145
2304.12891
1908.04579
1805.06570
1103.2014
2411.11268
2204.07836
1904.07213
1612.07474
1607.06252
1010.1564
1906.06622
1807.10434
1803.10076
1505.03475
1909.08573
1605.03855
1712.05028
1608.04770
1109.2000
2209.07568
1809.09860
1509.04462
2204.03911
2009.00912
2008.10851
1901.04093
1107.5818
physics/0310164
2412.15832
physics/0611182
1501.02297
1107.5132
2408.09627
2210.03240
2203.07591
0908.0686
1903.00080
0909.0115
1612.07175
1208.5665
2201.06837
1606.05793
1506.04295
1408.6512
1104.2060
1504.05285
2207.03769
2110.11832
2203.13313
2208.04859
1705.04262
1706.08885
1510.03831
1504.02633
1809.00878
1812.07795
2202.09815
2202.12236
ao-sci/9502002
2008.10679
1502.00799
1909.07828
1605.06480
physics/0407037
2306.03110
2204.06957
2107.08586
1510.00298
1511.01458
physics/0409123
physics/0608178
2312.02658
1609.04840
2210.12244
1602.06852
2012.05111
0909.1085
1904.10904
1305.5080
2111.02222
2202.08637
2103.09743
2105.09468
1812.00639
physics/9610023
1906.02684
1501.02277
1803.04732
1707.04932
1304.4406
physics/0608311
1508.02010
1309.2510
2210.16111
2201.10413
2102.05199
1607.08469
1701.06013
1610.03096
physics/0401143
2009.02519
2011.08140
2006.15279
chao-dyn/9911012
2407.12447
2101.07950
1808.05098
1710.03564
1404.4201
1711.01780
1604.04386
1202.4679
1405.4058
1906.01906
1609.04103
1812.00512
1705.05941
1704.05664
1509.00093
physics/0509166
1208.5392
1202.5156
1102.4024
2011.11313
2202.04444
2111.06706
2012.09468
2011.04744
1605.07454
math/0101001
1603.02987
2402.02995
2011.12740
1909.03789
1902.08464
1805.11218
1705.07722
1611.06056
1507.03778
1308.6564
1110.3590
2005.06192
1906.01080
2005.05489
2310.19822
2206.14592
1702.06345
2206.01313
2212.11318
2207.00808
2009.04804
2002.11167
1703.02512
ao-sci/9608001
1306.2482
1304.0946
1009.0301
1004.2742
0910.1496
1504.04741
2410.14932
2407.14523
1706.00122
physics/0512180
1211.6688
1207.1254
1404.3109
2005.04988
1805.01134
1703.10684
1502.07010
1512.08526
1302.1492
2209.10666
2011.06125
2104.02902
1904.03464
1703.03778
1704.00563
1604.04432
1604.01554
1305.6634
1510.03061
1404.1397
physics/0202072
1410.2359
1410.3650
1503.00316
2307.05430
2205.10972
2206.05382
2005.11862
1806.01200
1211.1360
2401.12148
2001.02740
2001.04279
1810.03885
1609.00734
2401.07104
2204.10659
2108.09550
2010.12996
2101.08050
2012.05015
1502.06040
1502.04930
1510.00313
2506.10772
2301.05766
2203.11744
2202.09967
0803.3615
2008.06489
1906.10839
1701.07355
1610.06403
1511.05154
1412.0517
2304.05664
2308.13280
2111.07470
2010.10374
2011.01775
1603.02392
1610.09558
1502.01419
2104.05506
2107.05826
1912.10838
2007.02226
1703.09138
1608.08488
1606.02649
1602.04209
2402.06646
2208.05424
1503.00551
2202.08956
2008.10146
1912.02095
1603.06755
1312.2923
1511.01561
1604.04922
1408.0365
0908.4156
1312.5727
2404.13227
2207.06869
2201.00417
2210.11872
2010.00072
1907.03052
1907.13008
1907.10007
1704.02389
1602.06397
1409.5359
2303.12009
2312.09942
2309.10867
2009.10281
1912.03996
2001.09757
1605.00551
1210.8154
2008.10144
2304.12952
2312.03014
2207.01372
2106.12046
2103.14430
2106.07963
1905.12321
2001.04765
1801.05473
1610.02937
1109.3133
2212.04870
2403.02774
2410.14963
2410.01776
2311.06253
2210.12538
2106.11809
2104.11698
2001.09655
1906.06084
1812.06513
1705.03500
1605.08479
1506.02364
1501.06265
0905.1561
2402.00059
2308.03152
2112.11317
2211.01001
0806.0757
1902.03997
1812.01099
1711.10880
1709.07681
1507.05025
1412.0621
physics/0305033
physics/0311118
1410.5722
1002.0157
2302.07984
2311.06271
2210.17460
2203.15585
1911.04038
1008.2742
1806.03983
1708.07448
1709.01100
1507.05231
1605.09370
1604.01695
1510.07009
1109.3633
2304.08063
2407.11317
2102.02604
2008.13032
1212.3052
1907.03255
1810.02155
1710.04027
1605.03395
1606.09533
1003.2934
1405.5752
1411.6902
2404.08522
2504.02102
2406.16947
2312.12455
2211.01345
2308.06733
2110.01843
2205.00202
2210.11414
2107.06640
2102.07819
2008.12883
1701.02550
1604.05119
1610.00621
1506.07401
1504.02230
1010.0428
2103.09360
2303.06448
2108.11230
2010.14610
2010.10983
1908.06027
1902.08150
1904.02788
1802.04686
1804.00172
1612.06168
1605.04161
1507.00587
1207.5852
2409.07590
2310.00813
2306.16337
2010.12559
2208.00971
2211.01908
2109.08017
2002.04539
1810.05518
1810.06391
1805.04721
1805.01957
1803.01124
1707.06084
1609.09616
1606.05108
1507.08160
2311.03721
1409.0589
2208.13825
1702.05593
1609.08515
1612.04592
1611.08996
1605.07698
1606.05089
1205.4264
1009.0199
1503.00191
1403.5391
2412.03795
2409.13598
2311.09400
1901.10592
2308.14098
2205.14646
2103.06206
2007.15638
1909.09009
1904.04503
1812.00511
2002.03474
1906.09492
1907.06239
1701.07966
1702.05249
1611.07319
1609.00154
1502.05255
1506.00331
1503.02308
1507.07335
2409.02891
2402.05671
2305.01947
2203.12432
2103.08864
2103.10221
2101.04336
2012.00679
2009.11234
2005.02265
2012.10397
2011.03081
2004.09898
2004.10458
2002.08525
1702.04517
1912.02920
1902.03198
1510.06290
0912.2419
1501.03255
2408.10958
2306.04753
2204.04079
2201.02596
1804.07991
2110.07100
1901.04692
1807.08261
1804.04088
1712.08242
1203.3771
1705.05970
1601.01978
1512.07381
1507.07220
physics/0606074
1506.04021
1012.3652
1402.3269
1502.05078
2501.19374
2402.03349
2409.04872
2305.14452
2206.06197
2211.17055
2206.10954
2111.02958
2112.00570
2011.02519
2007.07412
1807.08247
ao-sci/9504001
1803.09293
1711.11446
1401.3125
1010.2723
2504.20056
2209.12433
2204.13168
2105.04298
2201.08543
2104.05089
2005.13688
1903.02256
1911.02730
1802.08867
1708.04810
1511.02214
1509.06326
1501.04516
1505.03782
1004.3596
0908.2762
1405.0454
2312.12462
2403.13458
2401.14852
2409.12242
2310.05587
2402.02610
2401.09022
2303.17195
2304.03832
2209.11557
2112.11965
2204.08708
2103.11919
1410.8200
2106.13546
2006.09502
1803.08909
2010.09396
2004.06792
1011.1741
1907.05762
1703.10012
1506.09181
1508.03794
1407.6243
1405.1315
0905.2782
2406.08632
2401.14804
2304.08754
2311.02665
2303.01945
2304.06635
2209.15298
1911.04227
2101.04393
2003.03339
2007.01439
1811.01272
1509.07436
1508.04002
1511.01227
1502.01421
1510.07485
physics/0407074
1411.6585
1011.2556
2505.06474
2304.07029
2406.05019
2308.16073
2306.09045
2305.13345
2208.13473
2301.03001
2212.14160
2212.13613
2206.00060
2212.00457
2204.14227
2107.04824
2108.10747
2203.07188
2108.00806
2012.00677
1904.02487
2002.06008
2002.11515
1906.01475
1911.01450
1908.05769
1907.05601
1808.05628
1807.05830
1708.01240
1709.06454
1609.06338
1608.03358
1310.3732
2412.15687
2401.15469
2307.11232
2307.06955
2303.00962
2201.13355
2110.12659
2104.08236
2102.07760
2006.03098
2005.03126
2003.03333
1905.07074
1906.08442
1906.01929
1709.08266
1902.08523
1809.03840
1804.06347
1808.03874
1709.02516
1705.01307
1708.08243
1606.07325
1309.4202
1406.0051
1509.05332
1504.04574
0912.0474
1103.5927
2502.04334
2412.00718
2405.05925
2407.09728
2305.08881
2211.16116
2011.09013
2104.03196
2111.14671
2106.13117
2105.14885
2101.11478
2005.06603
2004.06628
1905.01110
1707.09964
1811.07183
1706.04224
1804.04754
1706.00609
1704.07319
1412.1849
1503.05449
1608.03332
1604.03417
1604.07731
1510.04141
1006.3945
0911.4814
0903.2253
2408.14963
2404.17752
2401.05635
2109.10399
2306.14066
2302.02357
2208.02352
2205.00865
2001.04195
2012.01233
2005.05448
1910.10595
1904.04056
1812.10489
1812.00989
1804.08048
1807.05872
1705.05872
1708.09627
1603.01218
1410.1367
1504.07536
1412.4231
1202.6362
1006.5155
2310.02488
2007.09942
2301.06397
2301.01043
2212.13711
2111.09954
2111.02522
2108.01829
2011.13239
2012.10392
2004.10932
2002.07040
1905.10278
2002.01825
1807.11859
1903.10429
1811.11625
1505.07643
1409.3103
1103.1303
0801.1850
1405.0883
2406.13627
2405.16297
2501.10215
2407.15586
2309.09024
2404.19327
2011.02031
2309.10808
2207.07390
2305.01822
2209.12556
2211.08943
2211.01944
2206.06649
2110.10793
2103.13974
2101.03523
2010.06717
2004.09294
2010.12371
1506.06634
1911.10777
1901.01523
1705.02786
1711.01352
1705.00504
1802.01889
1712.04797
1609.06996
1706.03194
1512.05424
1103.3064
1504.04193
2408.03100
2404.14422
2308.04280
2311.09100
2301.01253
2305.05767
2205.02290
2302.14054
2302.08341
2110.10884
2111.04819
2111.06914
2007.01333
1907.11199
1904.11575
1702.03723
1810.12765
1806.09868
1610.06738
1607.05313
1605.00461
1606.09124
1603.08807
1509.06949
1305.6795
1506.04628
1410.4735
1101.3173
1502.03178
2402.00514
2311.03378
2310.16478
2310.01982
2302.08720
2209.10284
2302.00170
2206.05363
2102.04949
2201.12688
2102.01745
2103.10908
1905.12070
1704.05268
2002.09584
1910.03351
0901.2781
1808.05276
1906.03473
1906.12173
1810.11105
1802.05112
1804.06158
1808.01910
1611.09167
1604.01742
1309.4699
1406.4480
1412.7095
1505.07220
physics/0310087
physics/0408061
1402.4366
1311.3089
1308.0530
1410.2344
0905.2721
2212.02628
2406.14798
2409.11601
2109.07122
2303.00836
2311.12053
2201.13075
2206.14786
2108.00827
2203.02412
2108.10138
2108.13253
2012.00685
2003.01353
2010.11755
2006.13308
2010.02866
1909.01941
2003.08098
1609.06431
1910.07625
1810.09332
1905.07046
1811.03955
1904.06581
1812.02827
1808.03975
1808.02388
1806.03009
1709.04757
1712.02180
1711.07125
1608.08187
1708.04581
1605.06859
1706.06096
1609.09185
physics/0501106
1404.0405
1507.06861
1506.03532
1411.3903
1209.3803
1304.2386
1003.4970
1003.5295
0912.1481
1307.1741
2504.06007
2503.23953
2405.15412
2404.14712
2406.11217
2405.05122
2211.05058
2211.09046
2401.04125
2308.02707
2312.08031
2208.11843
2009.09902
2310.08665
2106.04157
2305.13327
2204.02074
2103.05192
2105.11859
2104.09355
2005.08419
1711.04139
1905.00515
1702.06870
1707.08422
1611.03837
1704.06098
1604.03656
1512.04336
1410.6251
1106.4727
2407.06100
2309.15301
2401.14210
2309.04452
2311.03495
2112.04668
2303.16684
2302.13337
2210.03245
2210.11210
2209.09783
2203.09828
2106.16008
2109.02953
2108.03957
1805.03696
2011.03412
2009.09913
0806.2929
0803.4429
physics/0703066
1902.08230
1812.07855
1705.05228
1708.04157
1710.05216
1708.00270
1609.04169
physics/0602007
1205.3238
1304.3945
1211.6051
2408.01581
2409.07188
2407.11517
2403.09961
2309.11257
2401.08684
2302.00425
2307.04906
2306.17049
2304.01879
2203.02657
2301.11402
2203.14396
2210.10124
2106.14990
2103.04885
2110.00260
2107.06846
2106.00585
2005.08295
2002.02250
2012.03009
2001.04740
1902.04325
1911.04136
2002.03473
1907.02032
1711.08660
1711.03311
1711.02579
1605.01452
1609.01981
1511.03358
1509.01701
1508.01609
1309.1905
2509.12490
2412.17597
2310.19980
2403.09049
2312.06071
2306.14433
2308.16251
2401.01411
2311.12579
2311.10989
2301.01252
2107.04270
2202.01122
2301.09853
2207.01103
2010.00982
2011.14402
2106.02572
2003.07363
2108.00853
2110.03956
2104.06847
2110.07876
2110.05196
2104.02537
2007.03934
2102.04416
2006.00405
2011.05690
2007.01444
2010.03561
2004.07972
1811.09888
1302.4630
1701.02174
1903.06165
1809.05065
1805.10577
1612.03243
1703.06662
1707.09907
1708.08089
1612.00705
1612.02679
1603.08698
1604.00971
1511.03045
1507.01502
physics/0006060
1212.1012
1002.2715
0912.1976
2407.14158
2404.14416
2408.10854
2109.01646
2310.12088
2301.00892
2309.14350
2302.09455
2212.07273
2301.02357
2211.13059
2208.13140
2211.03565
2210.16217
2005.06529
2208.14232
2108.00855
1807.10542
2104.10276
2011.05745
2003.10971
2006.07148
1902.04621
1812.03612
1911.01219
1909.10505
1811.05543
1811.09912
1907.07823
1904.02430
1906.00952
1905.10263
1805.02575
1611.03646
1802.00392
1803.05114
1806.01596
1802.01399
1611.00073
1706.10159
1602.07718
1606.08792
1602.08462
1212.4090
1208.2678
1103.0722
1501.01204
0903.2823
2508.15724
2311.02517
2409.18529
2409.02120
2406.07817
2406.12298
2402.13270
2402.09846
2312.11966
2312.10429
2210.10767
2311.15001
2311.12054
2311.10967
2304.13668
2307.07183
2306.15956
2301.04712
2209.15096
2211.04140
2111.13234
2110.00853
2206.06848
1106.1265
2111.07960
2007.05198
2105.04618
2107.02260
2002.01728
1510.08682
1705.09884
1908.05837
1907.01833
1908.02844
1902.04669
1906.04986
1902.08255
1810.01488
1712.00867
1702.03273
1504.00581
physics/9803031
1402.1127
1205.1764
1202.5050
1112.3387
0910.4032
2502.02884
2409.19058
2306.08754
2301.04931
2401.09881
2401.16669
2307.06980
2403.15752
2402.18484
2301.09998
2307.09060
2401.07136
2310.07503
2205.05115
2305.01468
2301.09304
2201.08289
2208.09256
2112.14977
2105.12537
2111.03471
2108.00846
2108.10855
2110.01035
2107.00843
2105.06383
1503.02714
2104.14990
2101.05375
2103.07127
2012.01598
2010.02087
1908.04071
0706.2194
2006.04395
2006.02581
1911.11508
1911.04238
1810.12446
1805.09945
1808.10170
1904.01853
1712.04075
1604.03884
1609.07080
1702.06074
0710.0317
1601.05456
1510.03239
1509.08513
physics/0407075
physics/0509258
chao-dyn/9812024
1402.4295
1103.4445
1002.3949
1407.3151
2411.16098
2411.13719
2504.09340
2411.16807
2402.04342
2401.10164
2401.08697
2112.13075
2307.11099
2310.09304
2308.10995
2307.05976
2301.06198
2207.14598
2203.06025
2302.10986
2301.07347
2203.11141
2112.12880
2206.01404
2207.07580
2201.10134
2202.00752
2201.02131
2104.04764
2007.11227
2004.14262
1905.12401
1904.03154
1812.04264
1907.10535
1811.11800
1905.05749
1905.08736
1811.12513
1809.09998
1606.04464
1704.01064
1802.09782
1802.01205
1710.11394
1708.05342
1609.06170
1605.04560
1610.08187
1606.00566
1503.05327
1511.01761
1509.04600
1102.2636
1011.3655
0912.2588
0903.5449
0908.2699
2504.18720
2509.14020
2402.03079
2412.11973
2408.10957
2310.01690
2407.11696
2406.10410
2306.06186
2402.14828
2210.00308
2401.06108
2312.13568
2311.10993
2211.09212
2210.03715
2301.03895
2307.04564
2304.05294
2208.05530
2211.03409
2210.16119
2205.09080
2209.01385
2104.01132
2203.00388
2205.15381
2205.08188
2110.02547
2111.04612
2103.10940
2112.14972
2102.04583
2004.04052
2008.09224
2007.13409
2009.07307
2006.12974
2001.06331
1906.05733
2001.01214
2001.00928
1904.09082
1909.02069
1808.08868
1805.01950
1804.05109
1706.10287
1710.04191
1505.07748
1607.01529
1509.05285
1604.02106
1312.3250
1408.1001
1510.04993
physics/0011074
1203.5167
1105.1449
1007.3396
2409.08536
2412.15361
2010.00399
2501.05648
2405.13063
2411.10191
2409.06735
2309.15837
2312.06497
2405.01969
2310.15718
2311.04461
2403.02277
2307.10843
2402.01823
2308.06341
2401.14364
2305.11913
2302.10364
2310.16551
2212.06239
2309.01330
2304.08957
2212.04487
2203.07035
2212.11049
2212.08102
2211.11820
2110.10862
2202.11244
2210.12137
2202.01897
2112.11252
2102.09418
2205.05459
2109.00315
2101.06058
2106.03073
2102.02512
2004.07694
2101.12633
2006.11001
2012.09670
1410.0565
1907.08449
2004.12503
2001.09423
1904.11744
1910.12125
1909.00132
1910.07777
1802.09906
1810.10105
1906.02601
1807.10874
1810.05700
1807.00776
1608.05030
1710.00524
1708.08760
1607.07915
1604.03311
1605.09107
cond-mat/0301197
1406.4306
1403.3492
1211.2067
1202.4392
1405.1371
1403.0528
2407.02089
2410.01218
2503.03038
2007.15803
2501.08430
2309.06833
2402.09815
2401.14053
2401.04431
2311.17078
2211.03527
2110.03405
2309.13714
2212.03656
2207.10755
2308.04511
2307.14075
2305.11910
2304.11699
2204.05675
2303.13949
2303.06528
2303.06663
2302.03173
2302.02820
2209.15339
2205.12899
2212.07188
2109.12936
2203.14814
2203.03331
2201.10451
2103.05439
2101.06706
2110.03439
2106.13924
2101.09252
2104.12469
1107.1360
2103.11776
2011.14553
2004.11636
2011.02941
1912.05462
2008.02141
2006.15760
1910.01031
1901.04202
1901.07109
2002.04529
1911.01232
1909.08482
1908.04267
1805.00834
1712.01961
1805.05525
1703.06594
1712.04777
1510.00355
physics/0605177
1503.09070
1509.05946
1407.6070
1506.02853
1202.5506
1108.1047
0705.2172
0811.4560
0901.0857
1311.4265
2502.14148
2410.19498
2404.03504
2310.06867
2502.07814
2412.04418
2409.13934
2411.15601
2311.00167
2205.00743
2410.01468
2404.17852
1906.01413
2212.09894
2409.09371
2310.16741
2211.15052
2404.11939
2404.06517
2402.11992
2402.06316
2401.10073
2311.14807
2311.10991
2203.07685
2305.00100
2210.05456
2309.08346
2306.12386
2309.02615
2210.10665
2308.04391
2211.01929
2211.11831
2207.06188
2302.04836
2302.01176
2204.12845
2205.04835
2211.10952
2209.02789
2103.17238
2204.05102
2203.11715
2107.10317
2202.02258
2108.12132
2102.00458
1911.07612
2110.09009
2110.06279
2103.00517
2101.02474
2106.12389
2002.07774
2008.01127
2008.10437
2103.06520
2008.04325
2003.02522
2009.12575
2011.12112
1912.03758
1911.07879
1903.03010
0805.3524
1912.07389
1803.01742
1909.05096
1910.11736
1711.04163
1901.02065
1812.10059
1703.05361
1712.02112
1801.00658
1806.06460
1708.07251
1804.10293
1612.07717
1708.08380
1610.02568
1611.04767
1610.09358
1608.07841
1508.00399
1506.05863
1508.01106
1403.4431
1206.4468
0803.2765
2307.10803
2410.12938
2509.26258
2502.18344
2502.10893
2410.09120
2503.19266
2503.09404
2405.10929
2306.04336
2402.15379
2311.03251
2408.15122
2408.09915
2407.12168
2104.02076
2405.07233
2403.18864
2304.13225
2310.16021
2310.19515
2401.14657
2309.06181
2401.06500
2401.03746
2401.00916
2311.11718
2306.07291
2310.03894
2309.01247
2308.01868
1406.7706
2307.06682
2304.09346
2111.14117
2302.10925
2206.05502
2208.07634
2108.08496
2204.00534
2208.00532
2206.02362
2111.12450
2104.15076
2201.10523
2201.10954
2107.00825
2112.12524
2111.06626
2111.06720
2012.13383
2104.01435
2012.15768
2102.02237
2008.08626
2103.05384
2101.03410
2011.14839
2009.04881
1409.0423
0906.4190
2010.13025
2010.02374
2004.00733
0707.3547
1906.02819
1905.08668
1910.09067
1902.10608
1905.10553
1804.07434
1708.03144
1808.04993
1805.11380
1704.01060
1708.06868
1705.10501
1708.04144
1702.06568
1512.05631
1701.04742
1611.00557
1512.09187
1608.07512
1512.04045
1509.00059
1505.01356
1603.04218
1407.3488
1508.01805
1507.01187
physics/0607045
1301.6334
1206.5657
1112.3019
1104.3975
1012.0250
1001.1857
1409.2861
2306.07534
2505.18328
2411.02856
2412.11942
2507.03176
2411.07814
2305.13110
2311.18348
2408.12585
2412.18097
2503.11031
2404.05818
2407.00124
2406.05140
2408.02844
2407.20053
2406.17977
2306.13204
2212.09712
2311.03575
2402.15743
2210.11663
2402.06542
2401.08698
2401.07226
2312.02858
2311.10198
2309.08473
2307.06840
2310.07334
2309.08567
2307.07127
2307.15243
2307.11902
2306.16787
2208.06243
2204.02563
2304.07620
2207.02190
2303.05476
2302.14501
2302.10480
2302.02067
2205.11789
2301.04216
2212.08776
2211.16654
2209.10676
2202.02755
2210.13807
2210.12853
2202.03138
2110.04242
2207.11257
2207.06044
1808.04953
2110.02002
2205.04601
2204.05917
2007.14975
2110.12637
2203.13831
2110.03614
2104.00500
2009.12375
2109.13708
2007.06692
2110.13812
2005.06524
2012.08025
2107.00654
2102.01401
2011.07861
2011.12227
2005.06635
2011.07237
2012.10964
2012.07830
2006.02364
2005.10528
1907.04624
2002.07579
1910.04470
1908.00457
1908.03618
1808.01475
1810.03657
1806.03505
1902.00327
1901.03623
1807.08269
1905.05037
1904.08766
1808.07965
1811.06748
1811.11421
1806.10942
1803.03409
1706.00937
1711.10882
1402.4666
1703.06675
1705.04290
1703.09281
1703.09405
1703.06511
1608.04130
1610.06667
1607.00434
physics/0511203
1608.03361
1602.09082
1606.01678
1301.1550
0706.0189
1209.1485
2505.21020
2211.00636
2404.06130
2309.14780
2306.15907
2411.14677
2410.23971
2406.11881
2406.19133
2405.08492
2404.14413
2404.08849
2404.01321
2403.10555
2302.01183
2307.08909
2306.08988
2102.10871
2309.05684
2310.00810
2305.10570
2203.04060
2308.04611
2004.12486
2307.06859
2307.02607
2304.04630
2304.02591
2303.16301
2210.03079
2303.10499
2303.10156
2204.00349
2211.16460
2207.02810
2103.16120
2203.08160
2206.15241
2111.12486
2204.11101
2110.14349
2005.08289
2111.05094
2111.01762
2008.10158
2110.09209
2004.08662
2108.00818
2105.08721
2009.12954
2106.09386
1809.02569
1909.09316
2007.08589
2012.03157
2007.02982
2007.06183
2009.12980
2003.05964
1909.03244
2006.01519
2005.12946
1910.08318
1910.14615
2003.09387
1911.01520
1912.03230
1912.00615
1812.06662
1908.03764
1206.3833
1906.11534
1905.07366
1812.08753
1712.03862
1808.05382
1807.03803
1806.02320
1709.02547
1709.09170
1704.01061
1703.05591
1702.01652
1702.01506
1511.00810
1512.05184
1512.03584
1206.4709
0903.3773
1010.0701
1101.4096
1503.03494
2412.08079
2510.02415
2512.24440
2506.22780
2307.08038
2511.02021
2406.03848
2505.08900
2012.09228
2412.13999
2505.04802
2402.07759
2505.01455
2405.04635
2407.18727
2503.01818
2402.16524
2408.01829
2412.18239
2407.06875
2409.10046
2404.05746
2311.12734
2406.12462
2405.17330
2405.13236
2403.02215
2405.00018
2404.01572
2401.10006
2401.09799
2312.05691
2312.00907
2311.00290
2311.07990
2211.02460
2310.18540
2303.17064
2310.01255
2309.14352
2309.07805
2212.06889
1402.3243
2307.01219
2306.13447
2306.05377
2305.11975
2211.06714
2305.02090
2305.11817
2202.04446
2207.07154
2303.17610
2303.09276
2302.05886
2206.12133
2301.01493
2104.07173
2212.02793
2212.00669
2211.13129
2211.10378
2207.11440
2111.13582
2203.05229
2107.03734
2110.06698
2112.10309
2110.05817
2010.07720
2111.07743
2112.01396
2103.09003
1811.10388
2201.08635
2201.02296
2104.08281
2112.10493
2110.15084
2106.01692
2109.01373
2105.07466
2009.08613
2104.14630
2104.09146
2006.05707
2012.09545
2009.02460
2004.11411
2004.10465
2012.10394
2012.03313
2012.00823
2002.11301
1812.04572
1909.03269
2010.04186
1911.05137
1811.06842
2004.13105
1901.10066
1906.00195
1209.1889
1905.06613
1911.08638
1910.05406
1903.10095
1907.00999
1905.13115
1803.00847
1812.01943
1811.11418
1810.00977
1808.10478
1607.02251
1805.04907
1701.05988
1802.02695
1801.07856
1405.0344
1711.02526
1705.10964
1705.02182
1612.06998
1510.02043
1609.08926
1606.02086
1508.02070
1603.01317
1503.00842
1509.02615
1401.4620
1211.1181
1301.5473
1209.4279
1210.1260
1106.0084
1012.0421
1310.4403
1403.5448
2510.04358
2411.14769
2507.15861
2510.27066
2409.16316
2504.19145
2510.09470
2511.01681
2509.18994
2411.05850
2407.04882
2508.03786
2312.04502
2507.16684
2507.09365
2501.00738
2410.17934
2502.02102
2408.15028
2309.15400
2008.08251
2406.09474
2412.10450
2208.08975
2408.01575
2406.14520
2408.07207
2401.14372
2412.17581
2412.17633
2309.16177
2412.06110
2404.07791
2411.19151
2406.14775
2408.04745
2402.14049
2407.20886
2407.19909
2407.11666
2406.16160
2401.14588
2406.07063
2401.09438
2309.17295
2404.05768
2308.09984
2403.19819
2402.18036
2206.12137
2312.16046
2303.04063
2308.00889
2312.02786
2301.11474
2310.19326
2310.05961
2304.06789
2309.15599
2309.10231
2309.09002
2305.00048
2308.15196
2211.03238
2212.12038
2303.09235
2307.01359
2210.05951
2301.12701
2305.04929
2304.05407
2211.05093
2206.11576
2303.04362
2106.12544
2207.06110
2212.14025
2212.12060
2210.16151
2212.03393
2212.01446
2108.00509
2109.07470
2206.11669
2211.00681
2210.14488
2204.11591
2207.11881
2109.07979
2205.15450
2109.04644
2205.08967
2110.05195
2105.13311
2103.14714
2110.00863
2109.11054
2107.06193
2112.11559
2112.04679
2112.03895
2107.03473
2103.01479
2106.12036
2105.06386
2104.13180
2012.13665
2009.02447
2008.05929
2012.10387
2012.09066
2008.08876
2007.10741
2005.09278
1908.07825
1906.11671
2004.09631
0802.3013
1912.12516
1909.13150
1911.08856
1812.00760
1906.07151
1811.08353
1811.10759
1809.00027
1806.02372
1710.08461
1707.08956
1702.03716
1703.06291
1608.05271
1407.3873
1611.01598
1609.02405
physics/0606099
1607.02980
1604.04050
1506.08083
physics/0311121
0803.2766
0803.3264
1101.2387
2505.17720
2308.05015
2604.03357
2604.03359
2603.05570
2506.10660
2412.06393
2512.18224
2506.22552
2307.15296
2506.03210
2509.16080
2403.15996
2412.02503
2506.03353
2507.06527
2502.00300
2506.11698
2011.05966
2409.05975
2504.10707
2504.04214
2409.05220
2503.07466
2410.11926
2312.06972
2501.16926
2501.05058
2501.00941
2412.13477
2412.08377
2411.17627
2407.08202
2411.14183
2407.12934
2404.12669
2407.08363
2310.12739
2409.17354
2409.16319
2409.06846
2311.07511
2401.11952
2405.18585
2407.03564
2401.10800
2406.11738
2405.20719
2405.07534
2306.16836
2310.04958
2112.14121
2404.08613
2404.05924
2404.00749
2403.04947
2402.18354
2402.06462
2311.13691
2401.02166
2310.13916
2312.10168
2312.08261
2307.14654
2310.16912
2306.11769
2309.06937
2301.04698
2304.12177
2211.03647
2308.02215
2307.14857
1409.5733
2306.10443
2305.09468
2202.04404
2209.12240
2304.07436
2301.02361
2211.04608
2301.00496
2105.08962
2212.08596
2205.09461
2211.12067
2211.10774
2211.07555
2210.12504
2108.12727
2209.10349
2111.10654
2209.03239
2209.02292
2208.09410
2109.07666
2201.02094
2205.07908
2101.09353
2104.01376
2204.03346
2101.01722
2101.10174
2012.07246
2012.01613
2103.15765
2109.11236
2112.01283
2111.13645
2111.07436
2107.05141
2108.09267
2110.01420
2007.10955
2104.04430
2006.03981
2102.08455
2004.00708
2003.12348
1909.01845
1911.09495
2004.14144
2003.11923
1910.13651
1907.05069
1910.11020
1911.09525
1908.00628
1909.12784
1802.04958
1908.10836
1908.08078
1908.03745
1809.01874
1810.05965
1907.01532
1906.08066
1809.09996
1808.05729
1804.06175
1712.07103
1711.05799
1707.05593
1602.00816
1602.05339
1511.06749
1508.05938
1508.04109
1506.01638
1509.04234
1504.07316
chao-dyn/9701009
1405.5615
1101.2997
1505.04736
1504.07400
1208.5157
1503.02287
1410.1424
2509.25210
2502.00672
2510.04017
2504.20002
2503.07647
2410.00244
2512.01765
2505.04358
2402.05911
2508.05248
2411.05952
2509.08816
2509.02061
2408.14587
2502.10488
2506.13296
2408.12063
2407.20624
2505.08742
2410.13175
2312.02997
2412.03743
2408.16118
2410.00984
2503.19220
2405.20903
2503.08509
2502.16036
2502.01279
2408.10251
2404.02750
2402.14169
2412.17615
2411.10205
2412.02590
2411.16728
2411.12695
2407.14254
2411.14106
2411.07562
2411.06604
2405.20006
2410.18904
2410.10213
2406.01751
2409.12363
2211.15856
2409.06522
2409.05478
2408.07284
2408.05761
2312.11585
2209.01911
2407.04937
2312.09926
2407.01001
2206.03110
2406.11181
2307.15281
2405.17213
2310.20489
2404.14794
2401.02301
2208.00956
2403.15598
2403.14304
2103.11861
2302.13239
2402.18136
2401.12615
2401.09424
2401.06225
2312.14980
2311.03370
2310.19932
2310.17829
2310.18114
2210.16746
2304.10303
2202.11745
2303.07122
2008.13524
2212.14179
2308.01688
2303.11480
2111.11033
2305.15170
2305.13646
2206.07734
2207.09570
2304.08206
2207.03625
2304.02791
2304.07464
2304.03362
2304.02117
2106.13980
2303.00987
2302.04497
2211.01685
2106.14029
2302.02797
2206.14573
2205.00133
2301.06016
2301.04485
2301.03401
2301.01254
2206.01158
2110.10068
2211.15780
2211.13354
2211.13052
2210.12293
2203.16948
2207.04920
2102.13051
2208.08275
2207.13512
2105.09707
2110.12522
2206.07488
2205.15089
2205.13695
2204.08432
2204.14002
2104.10598
2112.04568
2203.00475
2103.04300
2107.05577
2112.15068
2108.08349
2112.06571
2103.08254
2103.07028
2107.05338
2106.02139
2002.04530
2104.06995
2010.07479
2102.03240
2010.00845
2101.09356
2012.04996
physics/0210051
physics/0701296
2006.16050
2006.12976
2004.08442
2005.01090
2004.08322
1910.14642
1906.10098
1912.04759
1910.06012
1907.11410
1905.03833
1906.07984
1906.02240
1812.00135
1711.06880
1809.09997
1806.08461
1706.06050
1807.04365
1807.02958
1804.07166
1612.09123
1801.03468
1705.01210
1701.05224
1706.06864
1606.03355
1611.00608
1303.7284
1611.01045
1610.02935
1610.02976
ao-sci/9502001
1504.07353
1602.00152
1607.07769
1602.02879
1509.08092
1602.03753
1510.02459
1512.06286
1506.05938
physics/0701022
1211.4313
1212.3116
1202.5099
1111.2267
1111.1483
1302.3966
1101.2832
1003.5466
1503.00847
1501.06093
2510.08107
2601.17636
2508.13120
2602.08022
2509.06457
2509.22359
2411.15518
2508.02863
2412.17506
2502.13185
2405.19546
2501.05351
2303.17496
2412.04395
2308.11814
2412.06819
2502.18995
2510.26421
2510.22676
2506.09891
2405.04483
2509.16568
2503.12906
2504.17028
2502.20907
2303.04632
2502.13970
2412.13957
2507.06479
2408.03422
2506.13994
2403.04310
2505.11511
2410.23238
2410.13940
2403.08702
2505.00756
2504.03463
2504.09143
2504.05218
2503.12481
2501.12404
2402.05652
2502.15953
2410.07724
2501.04381
2409.08174
2501.05357
2501.04018
2405.13988
2412.16306
2412.06118
2404.14212
2408.02688
2410.11807
2311.04361
2411.01138
2304.09442
2410.14024
2201.12235
2410.01551
2308.06046
2405.12342
2408.16433
2405.15284
2408.11887
2408.06373
2403.04083
2406.18171
2310.02653
2312.03861
2404.12396
2404.10033
2404.06668
2404.01895
2304.04253
2402.18030
2402.17035
2402.14861
2402.08185
2402.08510
2402.01164
2401.14760
2212.03369
2308.02052
2308.02705
2401.03932
2401.02098
2312.14417
2309.03055
2312.10722
2312.08264
2312.07112
2306.03442
2311.08421
2306.14254
2310.17782
2204.00069
2310.16739
2310.15179
2310.09784
2310.11631
2310.10820
2310.07897
2310.04326
2310.01944
2309.15689
2309.01572
2303.12193
2307.08449
2307.04658
2307.00734
2304.03127
2304.10183
2302.12744
2207.11962
2211.10269
2303.08645
2301.10375
2301.07352
2301.03216
2211.17043
2106.12041
2208.02793
2209.05740
2209.06055
2209.00118
2201.04254
2207.03993
2107.04208
2207.06579
2202.00359
2206.08953
1212.6522
2204.07409
2204.03160
2203.10640
2109.02013
2102.04507
2112.11878
2112.08762
1805.00297
2112.03113
2104.04979
2112.00001
2111.06841
2111.04732
2111.00124
2110.03772
2106.14057
2105.14096
2105.12526
2008.13674
2102.13236
2103.14165
1911.10605
1911.09541
2102.04277
2011.08978
1702.00218
1810.10411
2012.12099
2012.10385
2012.00678
2011.06708
2010.15721
2006.16001
2006.15420
2006.07297
2006.04800
2005.14268
2004.05783
2004.04353
2003.12394
2002.10022
1908.08946
1902.03509
1909.12717
2001.01521
1810.12451
1907.02899
1906.09911
1906.08298
1906.04802
1902.04458
1902.02389
1812.01627
1806.10936
1810.11119
1806.06194
1808.10854
1804.06033
1612.06422
1802.08055
1604.08486
1801.06833
1711.04670
1709.09575
1603.03706
1708.00320
1707.08916
1611.07317
1611.03403
1610.03458
physics/0511208
1603.07948
1408.7102
1203.5460
1006.3891
1007.4092
2311.11985
2503.11803
2510.04006
2308.13983
2510.04466
2508.16168
2604.02283
2510.09891
2601.17268
2408.14889
2509.13221
2506.11968
2601.01476
2505.10432
2411.09654
2512.09572
2505.03808
2406.17729
2511.04544
2406.13263
2508.14984
2411.17694
2507.17311
2510.22562
2408.09695
2104.12306
2506.11206
2509.00010
2508.17462
2403.11559
2504.12147
2505.22071
2408.16541
2506.11987
2507.08006
2507.13303
2501.00524
2410.02702
2506.12216
2408.06371
2506.08285
2502.01686
2505.24429
2310.05967
2506.03797
2408.00520
2505.22686
2505.22008
2505.18635
2505.18756
2505.10835
2501.16003
2505.06255
2501.13860
2505.00832
2505.00154
2405.18981
2504.21195
2504.20238
2504.12008
2502.19763
2503.01412
2407.18426
2503.19940
2503.20164
2503.19160
2408.17374
2406.03920
1502.00805
2412.06611
2502.19272
2502.17104
2502.12161
2502.09314
2407.15882
2502.05014
2501.11650
2401.16254
2501.14937
2501.14130
2408.02161
2501.10618
2501.12054
2407.02709
2404.02631
2501.04733
2212.06149
2405.20302
2412.14332
2412.10945
2406.05163
2412.01659
2406.11350
2410.16556
2405.16556
2411.12640
2401.05624
2409.10166
2410.21347
2406.03915
2405.04839
2410.18041
2410.12179
2410.14732
2309.06662
2410.09111
2410.08218
2404.15419
2410.00931
2404.09772
2405.10821
2406.08000
2409.11502
2409.10755
2409.06732
2409.05432
2404.13602
2408.16006
2408.16349
2008.02884
2309.15393
2310.05516
2408.04099
2404.03310
2403.16659
2311.07730
2407.05224
2407.11050
2407.11445
2407.04716
2407.02070
2407.04283
2406.19154
2406.16818
2311.14987
2205.07933
2406.08694
2406.07853
2406.02582
2405.19986
2312.04291
2405.09890
2404.07733
2405.00879
2405.00540
2209.07477
2404.08325
2311.04114
2305.06758
2403.20269
2403.16551
2403.06656
2403.05028
2309.14358
2302.03845
2402.04900
